4.433230557568757831e+03
4.070315713698066702e+03
1.644859813084112375e+03
3.284972556000593158e+03
1.995592065718293270e+03
2.467132867132866977e+03
4.955570931239819402e+03
2.890604432332373108e+03
4.587980026768248536e+03
3.663284142328259350e+03
4.469932049830124924e+03
4.474472356635437791e+03
4.484404277772057867e+03
2.315771544631838424e+03
4.395714212258329098e+03
2.489808720691073177e+03
2.399105306458247469e+03
4.519875424688561907e+03
3.562376593994241375e+03
8.500307816356218609e+03
4.268162535993417805e+03
4.947202684812395091e+03
3.502852478403948680e+03
3.357160119292471791e+03
1.717648222321119647e+03
4.356228057162636105e+03
4.570670107072995052e+03
2.286292935006170410e+03
2.591850061703003121e+03
2.510216988893459074e+03
2.587314890991361153e+03
4.469932049830124924e+03
4.844953173777314987e+03
3.864906294812836222e+03
4.488660815402038679e+03
8.534826832869339341e+03
3.938228866721513896e+03
4.564427185215689860e+03
4.471634664882116340e+03
2.269852941176470267e+03
4.173490847387904978e+03
4.470783357356121087e+03
4.514762443438913579e+03
2.458191168471542369e+03
4.986420197449609077e+03
4.844953173777314987e+03
4.184542352766652584e+03
3.319784403896552703e+03
3.367255105572863158e+03
2.269852941176470267e+03
5.060683617852735551e+03
3.121198635217326682e+03
