2.175192868700800318e+03
1.275215894174197956e+03
9.063796766428812361e+02
1.198031106163773757e+03
5.735462783288768378e+02
1.385466817609353484e+03
2.777696071852429668e+03
1.766769070408899324e+03
2.945631421931369459e+03
1.570478852960910217e+03
2.537423281967608546e+03
2.545538508455507781e+03
2.563272478546900402e+03
1.343618352683762851e+03
2.361670008621075795e+03
1.688594551611820634e+03
1.377867412370218517e+03
2.537423281967609000e+03
1.703152853294182023e+03
7.167911798205389459e+03
1.272334520185914926e+03
2.758013602357004402e+03
2.347087702301103036e+03
1.411297743646287245e+03
9.697265033290833571e+02
1.407191176750338400e+03
2.538913989005003714e+03
1.304108895478943396e+03
1.532050545093444725e+03
1.435918772195012480e+03
1.692234094373453217e+03
2.537423281967609000e+03
2.753941061811990494e+03
1.067224242410452462e+03
2.569496209304433705e+03
8.412648223783187859e+03
1.306581693250800072e+03
2.690007121376263513e+03
2.540386799577682268e+03
1.267215076014325177e+03
1.470738013969238636e+03
2.538880496376648807e+03
1.267215076014325177e+03
1.448407959233308929e+03
1.841886597713290939e+03
2.753941061811990494e+03
9.103489519342051608e+02
2.288781501373969149e+03
9.692771278047174519e+02
1.267215076014325177e+03
1.989966602383825830e+03
1.544658993978424633e+03
